1
ABC
2
2
S
A1
100
0
50
5
10

 0 0  0  0  0  0  0  0  0  0  0 
 0 0  0  0  0  0  0  0  0  0  0 
 0 0  0  0  0  0  0  0  0  0  0 
 0 0  0  0  0  0  0  0  0  0  0 
 0 0  0  0  0  0  0  0  0  0  0 
S
A2
200
0
300
10
30

 0 0  0  0  0  0  0  0  0  0  0  0  0  0  0  0  0  0  0  0  0  0  0  0  0  0  0  0  0  0  0 
 0 0  0  0  0  0  0  0  0  0  0  0  0  0  0  0  0  0  0  0  0  0  0  0  0  0  0  0  0  0  0 
 0 0  0  0  0  0  0  0  0  0  0  0  0  0  0  0  0  0  0  0  0  0  0  0  0  0  0  0  0  0  0 
 0 0  0  0  0  0  0  0  0  0  0  0  0  0  0  0  0  0  0  0  0  0  0  0  0  0  0  0  0  0  0 
 0 0  0  0  0  0  0  0  0  0  0  0  0  0  0  0  0  0  0  0  0  0  0  0  0  0  0  0  0  0  0 
 0 0  0  0  0  0  0  0  0  0  0  0  0  0  0  0  0  0  0  0  0  0  0  0  0  0  0  0  0  0  0 
 0 0  0  0  0  0  0  0  0  0  0  0  0  0  0  0  0  0  0  0  0  0  0  0  0  0  0  0  0  0  0 
 0 0  0  0  0  0  0  0  0  0  0  0  0  0  0  0  0  0  0  0  0  0  0  0  0  0  0  0  0  0  0 
 0 0  0  0  0  0  0  0  0  0  0  0  0  0  0  0  0  0  0  0  0  0  0  0  0  0  0  0  0  0  0 
 0 0  0  0  0  0  0  0  0  0  0  0  0  0  0  0  0  0  0  0  0  0  0  0  0  0  0  0  0  0  0 
3
S
B1
300
0
200
10
20

 0 0  0  0  0  0  0  0  0  0  0  0  0  0  0  0  0  0  0  0  0 
 0 0  0  0  0  0  0  0  0  0  0  0  0  0  0  0  0  0  0  0  0 
 0 0  0  0  0  0  0  0  0  0  0  0  0  0  0  0  0  0  0  0  0 
 0 0  0  0  0  0  0  0  0  0  0  0  0  0  0  0  0  0  0  0  0 
 0 0  0  0  0  0  0  0  0  0  0  0  0  0  0  0  0  0  0  0  0 
 0 0  0  0  0  0  0  0  0  0  0  0  0  0  0  0  0  0  0  0  0 
 0 0  0  0  0  0  0  0  0  0  0  0  0  0  0  0  0  0  0  0  0 
 0 0  0  0  0  0  0  0  0  0  0  0  0  0  0  0  0  0  0  0  0 
 0 0  0  0  0  0  0  0  0  0  0  0  0  0  0  0  0  0  0  0  0 
 0 0  0  0  0  0  0  0  0  0  0  0  0  0  0  0  0  0  0  0  0 
V
B2
1000
0
1000
V
B3
200
0
2000
